-66569.379985
0
0.002092 0.003262 0.002852 0.002500 0.001171 0.000594 0.006929 0.001498 0.011200 0.009564 0.091728 0.006281 0.001472 0.002484 0.001110 0.002714 0.011212 0.007013 0.020538 0.005189 0.001007 0.002609 0.002479 0.003729 0.010416 0.014610 0.011305 0.027083 0.003093 0.001819 0.005331 0.001666 0.007599 0.009337 0.099349 0.009501 0.000784 0.003816 0.003897 0.005523 0.008582 0.014741 0.024078 0.026529 0.000385 0.006347 0.006598 0.039234 0.004828 0.007995 0.005161 0.009445 0.000548 0.003752 0.002407 0.002775 0.022266 0.036991 0.122432 0.020131 0.001190 0.002867 0.001699 0.003119 0.019686 0.014308 0.021795 0.010386 0.000543 0.002532 0.005185 0.009855 0.002831 0.001499 0.002694 0.006869 0.000050 0.000056 0.002545 0.000526 0.002479 0.006151 0.049971 0.002032 0.001266 0.002669 0.001744 0.002503 0.005658 0.010277 0.008095 0.004645 0.000288 0.001764 0.001634 0.007004 
0.008174 0.001329 0.003068 0.002761 0.005098 0.003522 0.000268 0.004127 0.006785 0.004420 0.015668 0.002069 0.002063 0.002127 0.003999 0.000632 0.003486 0.003566 0.006261 0.005527 0.001122 0.000906 0.000428 0.000430 0.007853 0.002005 0.002965 0.001933 0.004316 0.004346 0.000739 0.009936 0.019306 0.013656 0.023524 0.011331 0.001426 0.003330 0.002695 0.002710 0.001295 0.005894 0.001830 0.001376 0.000000 0.000535 0.002819 0.000070 0.010089 0.004853 0.001759 0.003663 0.002666 0.002892 0.002100 0.004750 0.006663 0.005622 0.017915 0.006817 0.000610 0.000816 0.002278 0.001130 0.001517 0.000709 0.000479 0.002118 0.001491 0.001405 0.003695 0.001530 0.018454 0.015807 0.007484 0.015050 0.106777 0.041007 0.020945 0.118203 0.138642 0.055275 0.072196 0.075985 0.001555 0.000955 0.001692 0.000000 0.001344 0.000167 0.000122 0.002068 0.000001 0.002320 0.001448 0.001215 
0.245733 0.754267 
0.042485 0.957515 
0.853167 0.146833 
0.005178 0.994822 
0.993106 0.006894 
0.067282 0.932718 
0.210817 0.789183 
0.018640 0.981360 
0.106705 0.893295 
0.138631 0.861369 
0.068543 0.931457 
0.005494 0.994506 
0.173277 0.826723 
0.305200 0.694800 
0.969687 0.030313 
0.000253 0.999747 
0.988877 0.011123 
0.955496 0.044504 
0.997479 0.002521 
0.919183 0.080817 
0.353363 0.646637 
0.987429 0.012571 
0.436496 0.563504 
0.992152 0.007848 
0.630834 0.369166 
0.370176 0.629824 
0.517217 0.482783 
0.586541 0.413459 
0.44072 0.472024 
